0 1 -1 0 3 1
0 2 -1 0 3 1
0 3 -1 0 3 1
0 1 5 0 1 1
0 2 5 0 1 1
0 3 5 0 1 1
5 5 3 0 0 1
5 5 2 0 0 1
5 5 1 0 0 1
5 -1 3 0 2 1
5 -1 2 0 2 1
5 -1 1 0 2 1
9 0 0 0 3 1
9 0 0 0 2 1
9 4 4 0 0 1
9 4 4 0 1 1
9 0 4 0 1 1
9 0 4 0 2 1
9 4 0 0 3 1
9 4 0 0 0 1
13 2 2 0 0 1
13 2 2 0 1 1 
13 2 2 0 2 1
13 2 2 0 3 1
14 1 1 1 1
14 1 2 1 1
14 1 3 1 1
14 2 3 1 1
14 3 3 1 1
14 3 2 1 1
14 3 1 1 1 
14 2 1 1 1 
15 0 0 1 1
15 0 1 1 1
15 0 2 1 1
15 0 3 1 1 
15 0 4 1 1
15 1 4 1 1
15 2 4 1 1 
15 3 4 1 1 
15 4 4 1 1 
15 4 3 1 1 
15 4 2 1 1
15 4 1 1 1 
15 4 0 1 1 
15 3 0 1 1 
15 2 0 1 1 
15 1 0 1 1 
15 1 5 0 1 1 
15 2 5 0 1 1 
15 3 5 0 1 1 
15 4 5 0 1 1
16 1 1 1 2
16 1 2 1 2
16 1 3 1 2
16 2 3 1 2
16 3 3 1 2
16 3 2 1 2
16 3 1 1 2 
16 2 1 1 2
18 -1 4 0 2 1
18 5 0 0 0 1
19 -1 3 0 2 1
19 5 1 0 0 1 
20 -1 2 0 2 1
20 5 2 0 0 1 
21 -1 1 0 2 1
21 5 3 0 0 1 
21 3 -1 0 3 2
22 2 -1 0 3 2
26 -1 4 0 2 1
26 0 5 0 1 1
26 5 0 0 0 1
26 4 -1 0 3 1
27 -1 3 0 2 1
27 1 5 0 1 1
27 5 1 0 0 1
27 3 -1 0 3 1
28 -1 2 0 2 1
28 2 5 0 1 1 
28 5 2 0 0 1
28 2 -1 0 3 1
32 0 5 0 1 2
32 2 5 0 1 2
32 4 5 0 1 2
32 1 -1 0 3 2
32 3 -1 0 3 2
38 -3 1 0 2 1 
38 -3 2 0 2 2
38 -3 3 0 2 2 
38 -3 4 0 2 2
38 7 0 0 0 2
38 7 1 0 0 2
38 7 2 0 0 2
38 7 3 0 0 1