0 0 5 0 1 1
0 1 5 0 1 1
0 2 5 0 1 1 
0 3 5 0 1 1
3 5 0 0 0 1
3 5 1 0 0 1
3 5 2 0 0 1 
6 2 5 0 1 1
6 3 5 0 1 1 
6 4 5 0 1 1
9 -1 4 0 2 1
9 -1 3 0 2 1
9 -1 2 0 2 1
12 0 -1 0 3 1
12 1 -1 0 3 1
12 2 -1 0 3 1
17 0 0 1 1
17 0 1 1 1
17 0 2 1 1
17 0 3 1 1
17 0 4 1 1
17 1 4 1 1
17 2 4 1 1 
17 3 4 1 1
17 4 4 1 1 
17 4 3 1 1 
17 4 2 1 1 
17 4 1 1 1 
17 4 0 1 1
17 3 0 1 1 
17 2 0 1 1 
17 1 0 1 1
18 1 1 1 1 
18 1 2 1 1 
18 1 3 1 1 
18 2 3 1 1 
18 3 3 1 1 
18 3 2 1 1 
18 3 1 1 1 
18 2 1 1 1 
19 2 2 1 1 
19 0 6 0 1 2
22 1 6 0 1 2 
25 2 6 0 1 2 
28 3 6 0 1 2 
31 4 6 0 1 2 